41.84
46.92
28.47
38.02
25.28
19.6
43.46
41.18
40.95
29.87
16.82
42.21
31.05
14.12
25.05
11.96
10.19
40.11
20.63
24.17
45.78
45.99
47.47
27.49
33.14
11.21
37.7
26.78
12.94
26.89
32.76
36.98
20.54
49.28
41.08
49.71
24.03
46.11
19.89
34.75
16.14
49.37
38.75
29.73
17.79
39.89
14.26
21.0
11.95
39.24
19.32
16.43
37.37
49.31
31.75
18.27
31.29
48.13
11.87
45.4
32.89
42.16
30.7
37.24
31.23
11.64
39.36
39.76
25.33
26.84
46.71
26.21
47.41
43.09
23.42
15.65
11.83
29.22
45.12
17.47
30.69
10.54
14.15
26.19
48.25
27.14
15.17
43.67
18.99
49.11
44.03
37.88
42.98
45.53
18.64
39.39
41.54
12.9
12.57
29.07